0 2
0 10
0 12
0 13
0 33
0 34
1 2
1 4
1 63
1 64
1 67
1 70
2 0
2 1
2 7
2 10
2 12
2 33
2 34
3 4
3 5
3 7
3 9
3 69
3 70
3 72
3 73
4 1
4 3
4 7
4 69
4 70
5 3
5 6
5 7
5 8
5 9
5 10
5 44
6 5
6 8
6 9
6 39
6 43
6 44
6 72
7 2
7 3
7 4
7 5
7 8
7 9
7 10
8 5
8 6
8 7
8 9
8 10
8 41
8 43
8 44
9 3
9 5
9 6
9 7
9 8
9 70
9 72
9 73
10 0
10 2
10 5
10 7
10 8
10 12
10 33
10 34
11 17
11 18
11 20
11 21
12 0
12 2
12 10
12 13
12 15
13 0
13 12
13 14
13 15
13 16
13 34
14 13
14 15
14 16
14 17
14 18
14 32
14 34
14 35
14 36
15 12
15 13
15 14
15 16
15 18
15 20
15 21
16 13
16 14
16 15
16 18
16 32
16 33
16 34
16 35
16 36
17 11
17 14
17 18
17 20
17 26
17 36
18 11
18 14
18 15
18 16
18 17
19 21
19 22
19 23
19 25
19 27
19 29
20 11
20 15
20 17
20 21
20 22
21 11
21 15
21 19
21 20
21 22
21 23
22 19
22 20
22 21
22 23
22 29
23 19
23 21
23 22
23 24
23 29
23 223
24 23
24 27
24 222
24 223
24 226
24 228
25 19
25 26
25 30
25 51
26 17
26 25
26 50
27 19
27 24
27 28
27 29
27 30
27 226
28 27
28 29
28 30
28 52
28 55
28 226
28 244
29 19
29 22
29 23
29 27
29 28
29 30
30 25
30 27
30 28
30 29
30 51
30 52
30 55
31 32
31 33
31 34
31 35
31 37
31 38
31 40
31 42
31 47
32 14
32 16
32 31
32 33
32 34
32 35
32 36
32 37
33 0
33 2
33 10
33 16
33 31
33 32
33 34
33 41
34 0
34 2
34 10
34 13
34 14
34 16
34 31
34 32
34 33
34 35
35 14
35 16
35 31
35 32
35 34
35 36
35 37
35 38
36 14
36 16
36 17
36 32
36 35
36 50
37 31
37 32
37 35
37 38
37 40
37 42
37 45
37 46
37 47
38 31
38 35
38 37
38 40
38 45
38 46
38 47
38 48
38 50
39 6
39 40
39 41
39 42
39 43
39 44
39 45
39 110
39 111
40 31
40 37
40 38
40 39
40 42
40 45
40 46
40 47
41 8
41 33
41 39
41 42
41 43
41 44
42 31
42 37
42 39
42 40
42 41
42 43
42 44
42 45
42 46
42 47
42 111
43 6
43 8
43 39
43 41
43 42
43 44
43 110
43 111
44 5
44 6
44 8
44 39
44 41
44 42
44 43
44 111
45 37
45 38
45 39
45 40
45 42
45 46
45 47
45 48
45 49
45 111
45 118
46 37
46 38
46 40
46 42
46 45
46 47
46 48
46 49
46 116
46 118
47 31
47 37
47 38
47 40
47 42
47 45
47 46
47 48
47 49
48 38
48 45
48 46
48 47
48 49
48 50
48 53
48 56
48 62
48 138
49 45
49 46
49 47
49 48
49 56
49 115
49 116
49 118
49 119
49 138
50 26
50 36
50 38
50 48
50 53
50 62
51 25
51 30
51 53
51 55
52 28
52 30
52 53
52 55
52 240
52 244
53 48
53 50
53 51
53 52
53 55
53 56
53 58
53 62
54 58
54 61
54 239
54 240
54 241
54 243
54 244
54 251
54 254
55 28
55 30
55 51
55 52
55 53
55 244
56 48
56 49
56 53
56 62
56 115
56 119
56 133
56 135
56 137
56 138
56 139
57 58
57 59
57 60
57 61
57 62
57 146
57 251
57 253
58 53
58 54
58 57
58 61
58 62
58 239
58 240
58 243
58 251
58 254
59 57
59 60
59 61
59 62
59 146
59 147
59 251
59 253
59 324
60 57
60 59
60 62
60 140
60 146
61 54
61 57
61 58
61 59
61 62
61 239
61 240
61 243
61 251
61 253
61 254
62 48
62 50
62 53
62 56
62 57
62 58
62 59
62 60
62 61
63 1
63 67
63 68
63 85
63 89
64 1
64 65
64 67
64 68
64 77
65 64
65 67
65 68
65 77
65 79
66 68
66 78
66 86
66 87
67 1
67 63
67 64
67 65
67 68
68 63
68 64
68 65
68 66
68 67
68 77
68 78
68 86
69 3
69 4
69 70
69 71
69 73
69 74
70 1
70 3
70 4
70 9
70 69
70 73
71 69
71 73
71 74
71 76
71 79
71 80
71 82
72 3
72 6
72 9
72 73
72 74
73 3
73 9
73 69
73 70
73 71
73 72
73 74
74 69
74 71
74 72
74 73
74 76
74 82
74 83
74 84
74 114
74 120
74 122
74 162
75 76
75 77
75 78
75 79
75 80
75 96
75 98
76 71
76 74
76 75
76 77
76 79
76 80
76 81
76 82
76 96
76 101
77 64
77 65
77 68
77 75
77 76
77 78
77 79
77 80
78 66
78 68
78 75
78 77
78 79
78 80
78 98
79 65
79 71
79 75
79 76
79 77
79 78
79 80
80 71
80 75
80 76
80 77
80 78
80 79
80 81
80 82
81 76
81 80
81 82
81 84
81 96
81 98
81 101
81 103
82 71
82 74
82 76
82 80
82 81
82 83
82 84
82 114
82 120
82 122
82 162
83 74
83 82
83 84
83 101
83 102
83 120
83 162
84 74
84 81
84 82
84 83
84 101
84 102
85 63
85 87
85 88
85 89
85 94
86 66
86 68
86 87
86 88
87 66
87 85
87 86
87 88
87 92
87 99
88 85
88 86
88 87
88 90
88 92
88 93
88 94
89 63
89 85
89 94
89 499
90 88
90 91
90 92
90 93
90 94
90 95
90 106
91 90
91 92
91 93
91 95
91 104
91 106
91 503
91 512
92 87
92 88
92 90
92 91
92 93
92 94
92 99
92 106
93 88
93 90
93 91
93 92
93 94
93 95
93 499
93 503
94 85
94 88
94 89
94 90
94 92
94 93
95 90
95 91
95 93
95 499
95 500
95 502
95 503
95 504
96 75
96 76
96 81
96 97
96 98
96 99
96 101
96 103
97 96
97 98
97 99
97 103
97 104
97 105
97 106
97 109
98 75
98 78
98 81
98 96
98 97
98 99
98 101
98 103
99 87
99 92
99 96
99 97
99 98
99 105
99 106
100 101
100 102
100 103
100 109
101 76
101 81
101 83
101 84
101 96
101 98
101 100
101 102
101 103
102 83
102 84
102 100
102 101
102 162
103 81
103 96
103 97
103 98
103 100
103 101
103 105
103 109
104 91
104 97
104 105
104 106
104 108
104 512
104 513
104 515
105 97
105 99
105 103
105 104
105 106
105 108
105 109
106 90
106 91
106 92
106 97
106 99
106 104
106 105
106 512
107 108
107 109
107 177
107 518
107 519
107 520
108 104
108 105
108 107
108 109
108 518
108 520
109 97
109 100
109 103
109 105
109 107
109 108
110 39
110 43
110 111
110 112
110 113
110 114
111 39
111 42
111 43
111 44
111 45
111 110
111 113
112 110
112 113
112 114
112 116
112 118
112 122
112 124
112 128
112 131
113 110
113 111
113 112
113 114
113 118
114 74
114 82
114 110
114 112
114 113
114 120
114 122
114 131
115 49
115 56
115 116
115 117
115 118
115 119
115 124
115 133
115 134
115 135
115 136
115 137
115 138
116 46
116 49
116 112
116 115
116 117
116 118
116 119
116 124
116 133
116 136
116 138
117 115
117 116
117 118
117 119
117 124
117 125
117 128
117 129
117 131
117 133
117 134
117 135
117 136
117 148
117 149
117 151
118 45
118 46
118 49
118 112
118 113
118 115
118 116
118 117
118 119
118 124
118 136
119 49
119 56
119 115
119 116
119 117
119 118
119 124
119 133
119 134
119 135
119 136
119 138
119 149
120 74
120 82
120 83
120 114
120 121
120 122
120 127
120 131
120 162
121 120
121 122
121 126
121 127
121 130
121 162
121 163
121 170
121 171
121 173
122 74
122 82
122 112
122 114
122 120
122 121
122 127
122 131
122 162
123 124
123 125
123 126
123 127
123 128
123 129
123 130
123 148
123 149
123 151
123 167
123 169
123 173
123 190
124 112
124 115
124 116
124 117
124 118
124 119
124 123
124 125
124 126
124 127
124 128
124 129
124 131
124 133
124 134
124 136
124 149
125 117
125 123
125 124
125 126
125 127
125 128
125 129
125 130
125 131
125 133
125 134
125 136
125 148
125 149
125 151
125 167
126 121
126 123
126 124
126 125
126 127
126 128
126 129
126 130
126 131
126 151
126 167
126 169
126 173
127 120
127 121
127 122
127 123
127 124
127 125
127 126
127 128
127 129
127 130
127 131
127 167
127 173
128 112
128 117
128 123
128 124
128 125
128 126
128 127
128 129
128 130
128 131
128 134
128 151
129 117
129 123
129 124
129 125
129 126
129 127
129 128
129 130
129 131
129 134
129 136
129 148
129 149
129 151
129 167
129 190
130 121
130 123
130 125
130 126
130 127
130 128
130 129
130 131
130 151
130 163
130 165
130 167
130 169
130 171
130 173
131 112
131 114
131 117
131 120
131 122
131 124
131 125
131 126
131 127
131 128
131 129
131 130
132 133
132 134
132 135
132 137
132 139
132 140
132 141
132 142
132 143
132 146
132 149
133 56
133 115
133 116
133 117
133 119
133 124
133 125
133 132
133 134
133 135
133 136
133 137
133 138
133 139
133 148
133 149
134 115
134 117
134 119
134 124
134 125
134 128
134 129
134 132
134 133
134 135
134 136
134 137
134 139
134 148
134 149
134 151
135 56
135 115
135 117
135 119
135 132
135 133
135 134
135 136
135 137
135 138
135 139
135 140
136 115
136 116
136 117
136 118
136 119
136 124
136 125
136 129
136 133
136 134
136 135
136 137
136 138
136 139
136 148
136 149
136 151
137 56
137 115
137 132
137 133
137 134
137 135
137 136
137 138
137 139
137 140
137 141
137 142
137 148
137 149
138 48
138 49
138 56
138 115
138 116
138 119
138 133
138 135
138 136
138 137
138 139
139 56
139 132
139 133
139 134
139 135
139 136
139 137
139 138
139 140
139 141
139 142
139 146
139 149
140 60
140 132
140 135
140 137
140 139
140 141
140 142
140 143
140 146
141 132
141 137
141 139
141 140
141 142
141 143
141 144
141 145
141 146
141 147
141 150
141 152
141 153
141 154
141 155
141 158
142 132
142 137
142 139
142 140
142 141
142 143
142 146
142 148
142 150
142 152
142 158
143 132
143 140
143 141
143 142
143 144
143 145
143 146
143 147
143 154
143 158
143 327
144 141
144 143
144 145
144 146
144 147
144 154
144 155
144 158
144 253
144 324
144 325
144 327
145 141
145 143
145 144
145 147
145 152
145 154
145 155
145 156
145 157
145 158
145 325
145 327
145 334
145 335
146 57
146 59
146 60
146 132
146 139
146 140
146 141
146 142
146 143
146 144
146 147
147 59
147 141
147 143
147 144
147 145
147 146
147 154
147 158
147 253
147 324
147 327
148 117
148 123
148 125
148 129
148 133
148 134
148 136
148 137
148 142
148 149
148 150
148 151
148 190
149 117
149 119
149 123
149 124
149 125
149 129
149 132
149 133
149 134
149 136
149 137
149 139
149 148
149 151
150 141
150 142
150 148
150 151
150 152
150 153
150 157
150 160
150 190
150 193
151 117
151 123
151 125
151 126
151 128
151 129
151 130
151 134
151 136
151 148
151 149
151 150
151 190
151 193
152 141
152 142
152 145
152 150
152 153
152 154
152 155
152 156
152 157
152 158
152 159
152 160
152 200
152 336
153 141
153 150
153 152
153 154
153 155
153 156
153 157
153 158
153 159
153 160
153 198
153 199
153 200
154 141
154 143
154 144
154 145
154 147
154 152
154 153
154 155
154 156
154 157
154 158
154 327
154 334
154 336
155 141
155 144
155 145
155 152
155 153
155 154
155 156
155 157
155 158
155 159
155 160
155 327
155 334
155 335
155 336
156 145
156 152
156 153
156 154
156 155
156 157
156 158
156 159
156 160
156 200
156 334
156 336
157 145
157 150
157 152
157 153
157 154
157 155
157 156
157 158
157 159
157 160
157 198
157 200
157 336
158 141
158 142
158 143
158 144
158 145
158 147
158 152
158 153
158 154
158 155
158 156
158 157
158 327
159 152
159 153
159 155
159 156
159 157
159 160
159 198
159 200
159 201
159 334
159 336
159 367
159 368
160 150
160 152
160 153
160 155
160 156
160 157
160 159
160 196
160 197
160 198
160 199
160 200
160 201
160 202
160 204
160 336
161 163
161 164
161 165
161 166
161 168
161 169
161 170
161 171
161 172
161 174
161 175
161 176
161 179
161 182
161 184
161 189
162 74
162 82
162 83
162 102
162 120
162 121
162 122
162 163
163 121
163 130
163 161
163 162
163 164
163 165
163 166
163 167
163 168
163 169
163 170
163 171
163 172
163 173
163 175
164 161
164 163
164 168
164 170
164 171
164 174
164 175
164 176
164 178
164 179
164 189
165 130
165 161
165 163
165 166
165 167
165 168
165 169
165 170
165 171
165 172
165 173
165 182
165 184
165 187
165 191
165 192
165 194
165 208
165 213
166 161
166 163
166 165
166 168
166 169
166 170
166 171
166 172
166 173
166 174
166 175
166 182
166 183
166 184
166 187
166 188
166 189
166 191
166 208
166 213
167 123
167 125
167 126
167 127
167 129
167 130
167 163
167 165
167 169
167 170
167 171
167 172
167 173
167 191
168 161
168 163
168 164
168 165
168 166
168 169
168 170
168 171
168 172
168 173
168 174
168 175
168 179
168 181
168 182
168 184
168 187
168 188
168 189
169 123
169 126
169 130
169 161
169 163
169 165
169 166
169 167
169 168
169 170
169 171
169 172
169 173
169 191
169 194
169 213
170 121
170 161
170 163
170 164
170 165
170 166
170 167
170 168
170 169
170 171
170 172
170 173
170 174
170 175
170 179
170 184
170 189
171 121
171 130
171 161
171 163
171 164
171 165
171 166
171 167
171 168
171 169
171 170
171 172
171 173
171 174
171 175
172 161
172 163
172 165
172 166
172 167
172 168
172 169
172 170
172 171
172 173
172 174
172 175
172 182
172 184
172 187
172 189
172 191
172 213
173 121
173 123
173 126
173 127
173 130
173 163
173 165
173 166
173 167
173 168
173 169
173 170
173 171
173 172
174 161
174 164
174 166
174 168
174 170
174 171
174 172
174 175
174 176
174 178
174 179
174 181
174 182
174 184
174 186
174 187
174 188
174 189
175 161
175 163
175 164
175 166
175 168
175 170
175 171
175 172
175 174
175 176
175 179
175 181
175 182
175 184
175 187
175 189
176 161
176 164
176 174
176 175
176 177
176 178
176 179
176 180
176 181
177 107
177 176
177 178
177 180
177 518
177 519
177 520
177 562
177 565
177 566
177 567
178 164
178 174
178 176
178 177
178 179
178 180
178 181
178 565
178 567
179 161
179 164
179 168
179 170
179 174
179 175
179 176
179 178
179 180
179 181
179 184
179 189
180 176
180 177
180 178
180 179
180 181
180 519
180 562
180 565
180 566
180 567
181 168
181 174
181 175
181 176
181 178
181 179
181 180
181 184
181 186
181 188
181 189
181 565
181 566
181 577
182 161
182 165
182 166
182 168
182 172
182 174
182 175
182 183
182 184
182 185
182 186
182 187
182 188
182 189
182 208
182 213
183 166
183 182
183 184
183 185
183 186
183 187
183 188
183 189
183 208
183 209
183 212
183 213
183 569
183 575
183 590
184 161
184 165
184 166
184 168
184 170
184 172
184 174
184 175
184 179
184 181
184 182
184 183
184 186
184 187
184 188
184 189
184 213
185 182
185 183
185 186
185 187
185 188
185 208
185 209
185 212
185 569
185 570
185 571
185 573
185 574
185 575
185 577
185 590
185 592
185 595
186 174
186 181
186 182
186 183
186 184
186 185
186 187
186 188
186 189
186 566
186 568
186 569
186 570
186 571
186 574
186 575
186 577
187 165
187 166
187 168
187 172
187 174
187 175
187 182
187 183
187 184
187 185
187 186
187 188
187 189
187 208
187 209
187 212
187 213
188 166
188 168
188 174
188 181
188 182
188 183
188 184
188 185
188 186
188 187
188 189
188 569
188 574
188 575
188 577
189 161
189 164
189 166
189 168
189 170
189 172
189 174
189 175
189 179
189 181
189 182
189 183
189 184
189 186
189 187
189 188
190 123
190 129
190 148
190 150
190 151
190 191
190 192
190 193
190 194
190 195
190 196
191 165
191 166
191 167
191 169
191 172
191 190
191 192
191 193
191 194
191 195
191 208
191 213
192 165
192 190
192 191
192 193
192 194
192 195
192 196
192 204
192 208
192 213
193 150
193 151
193 190
193 191
193 192
193 194
193 195
193 196
193 197
193 199
193 204
194 165
194 169
194 190
194 191
194 192
194 193
194 195
194 196
194 208
194 213
195 190
195 191
195 192
195 193
195 194
195 196
195 197
195 198
195 199
195 202
195 204
195 207
196 160
196 190
196 192
196 193
196 194
196 195
196 197
196 198
196 199
196 200
196 201
196 202
196 203
196 204
196 214
196 218
197 160
197 193
197 195
197 196
197 198
197 199
197 200
197 201
197 202
197 203
197 204
197 207
197 214
197 218
197 220
197 221
198 153
198 157
198 159
198 160
198 195
198 196
198 197
198 199
198 200
198 201
198 202
198 203
198 204
199 153
199 160
199 193
199 195
199 196
199 197
199 198
199 200
199 201
199 202
199 203
199 204
199 218
200 152
200 153
200 156
200 157
200 159
200 160
200 196
200 197
200 198
200 199
200 201
200 202
200 203
200 204
200 336
201 159
201 160
201 196
201 197
201 198
201 199
201 200
201 202
201 203
201 204
201 214
201 216
201 217
201 218
201 220
201 221
201 367
201 375
202 160
202 195
202 196
202 197
202 198
202 199
202 200
202 201
202 203
202 204
202 207
202 210
202 214
202 216
202 218
202 220
202 221
203 196
203 197
203 198
203 199
203 200
203 201
203 202
203 204
203 207
203 210
203 214
203 216
203 217
203 218
203 220
203 221
203 367
204 160
204 192
204 193
204 195
204 196
204 197
204 198
204 199
204 200
204 201
204 202
204 203
204 207
204 214
204 218
204 220
205 206
205 207
205 209
205 210
205 211
205 212
205 215
205 219
205 590
205 591
205 592
205 596
205 597
206 205
206 207
206 208
206 209
206 210
206 211
206 212
206 213
206 214
206 215
206 218
206 219
206 592
207 195
207 197
207 202
207 203
207 204
207 205
207 206
207 208
207 210
207 211
207 212
207 214
207 215
207 218
207 219
207 220
207 221
208 165
208 166
208 182
208 183
208 185
208 187
208 191
208 192
208 194
208 206
208 207
208 209
208 210
208 212
208 213
209 183
209 185
209 187
209 205
209 206
209 208
209 211
209 212
209 569
209 571
209 573
209 574
209 575
209 590
209 592
209 595
210 202
210 203
210 205
210 206
210 207
210 208
210 211
210 212
210 214
210 215
210 216
210 218
210 219
210 220
210 221
211 205
211 206
211 207
211 209
211 210
211 212
211 214
211 215
211 218
211 219
211 592
211 596
211 597
212 183
212 185
212 187
212 205
212 206
212 207
212 208
212 209
212 210
212 211
212 213
212 569
212 573
212 575
212 590
212 592
213 165
213 166
213 169
213 172
213 182
213 183
213 184
213 187
213 191
213 192
213 194
213 206
213 208
213 212
214 196
214 197
214 201
214 202
214 203
214 204
214 206
214 207
214 210
214 211
214 215
214 216
214 218
214 219
214 220
214 221
215 205
215 206
215 207
215 210
215 211
215 214
215 219
215 592
215 596
215 597
215 598
216 201
216 202
216 203
216 210
216 214
216 217
216 218
216 219
216 220
216 221
216 374
216 375
216 377
216 598
216 599
217 201
217 203
217 216
217 220
217 221
217 367
217 374
217 375
217 377
217 599
218 196
218 197
218 199
218 201
218 202
218 203
218 204
218 206
218 207
218 210
218 211
218 214
218 216
218 219
218 220
218 221
219 205
219 206
219 207
219 210
219 211
219 214
219 215
219 216
219 218
219 592
219 597
219 598
219 599
220 197
220 201
220 202
220 203
220 204
220 207
220 210
220 214
220 216
220 217
220 218
220 221
220 367
220 374
221 197
221 201
221 202
221 203
221 207
221 210
221 214
221 216
221 217
221 218
221 220
221 367
221 374
221 375
222 24
222 223
222 224
222 226
222 227
222 228
222 232
222 238
222 241
222 242
222 243
222 244
222 246
222 247
223 23
223 24
223 222
223 224
223 232
223 238
224 222
224 223
224 225
224 229
224 232
224 238
225 224
225 227
225 228
225 229
225 231
225 232
225 238
226 24
226 27
226 28
226 222
226 227
226 228
226 241
226 242
226 243
226 244
226 246
226 247
227 222
227 225
227 226
227 228
227 229
227 241
227 242
227 243
227 244
227 246
227 247
228 24
228 222
228 225
228 226
228 227
228 241
228 242
228 243
228 244
228 246
228 247
229 224
229 225
229 227
229 230
229 231
230 229
230 231
230 232
230 233
230 234
231 225
231 229
231 230
231 233
231 234
232 222
232 223
232 224
232 225
232 230
232 233
232 238
233 230
233 231
233 232
233 234
233 235
233 264
233 267
234 230
234 231
234 233
234 235
234 264
234 265
234 266
234 267
235 233
235 234
235 236
235 238
235 263
235 264
235 265
236 235
236 237
236 238
236 263
236 268
236 269
237 236
237 238
237 268
237 269
237 271
237 273
237 286
237 288
238 222
238 223
238 224
238 225
238 232
238 235
238 236
238 237
239 54
239 58
239 61
239 240
239 241
239 242
239 243
239 250
239 251
239 252
239 254
239 256
239 257
240 52
240 54
240 58
240 61
240 239
240 241
240 243
240 244
240 254
241 54
241 222
241 226
241 227
241 228
241 239
241 240
241 242
241 243
241 244
241 246
241 250
241 254
241 257
242 222
242 226
242 227
242 228
242 239
242 241
242 243
242 246
242 247
242 248
242 250
242 257
243 54
243 58
243 61
243 222
243 226
243 227
243 228
243 239
243 240
243 241
243 242
243 244
243 250
243 254
244 28
244 52
244 54
244 55
244 222
244 226
244 227
244 228
244 240
244 241
244 243
245 248
245 249
245 250
245 257
245 258
245 261
245 266
245 267
245 276
246 222
246 226
246 227
246 228
246 241
246 242
246 247
246 249
246 250
247 222
247 226
247 227
247 228
247 242
247 246
247 249
247 267
248 242
248 245
248 249
248 250
248 252
248 257
248 258
248 261
249 245
249 246
249 247
249 248
249 266
249 267
250 239
250 241
250 242
250 243
250 245
250 246
250 248
250 252
250 254
250 256
250 257
251 54
251 57
251 58
251 59
251 61
251 239
251 252
251 253
251 254
251 255
251 256
251 324
252 239
252 248
252 250
252 251
252 254
252 255
252 256
252 257
252 258
252 260
252 323
253 57
253 59
253 61
253 144
253 147
253 251
253 254
253 255
253 323
253 324
253 327
253 328
254 54
254 58
254 61
254 239
254 240
254 241
254 243
254 250
254 251
254 252
254 253
254 255
254 256
254 257
254 260
255 251
255 252
255 253
255 254
255 256
255 260
255 323
255 324
255 326
255 328
255 329
256 239
256 250
256 251
256 252
256 254
256 255
256 257
256 258
256 260
256 323
256 326
256 328
257 239
257 241
257 242
257 245
257 248
257 250
257 252
257 254
257 256
257 258
257 260
258 245
258 248
258 252
258 256
258 257
258 259
258 260
258 261
258 275
258 276
258 332
259 258
259 260
259 261
259 275
259 276
259 323
259 326
259 329
259 332
259 346
260 252
260 254
260 255
260 256
260 257
260 258
260 259
260 261
260 323
260 326
260 328
260 329
261 245
261 248
261 258
261 259
261 260
261 275
261 276
261 332
261 346
262 263
262 264
262 265
262 266
262 274
262 277
262 278
263 235
263 236
263 262
263 264
263 265
263 266
263 269
263 271
263 272
264 233
264 234
264 235
264 262
264 263
264 265
264 266
264 267
265 234
265 235
265 262
265 263
265 264
265 266
265 267
265 277
266 234
266 245
266 249
266 262
266 263
266 264
266 265
266 267
266 277
267 233
267 234
267 245
267 247
267 249
267 264
267 265
267 266
268 236
268 237
268 269
268 271
268 272
268 273
268 286
268 288
268 294
269 236
269 237
269 263
269 268
269 270
269 271
269 272
269 273
269 286
269 288
269 293
270 269
270 271
270 272
270 273
270 278
270 280
270 282
270 283
270 284
270 293
270 299
271 237
271 263
271 268
271 269
271 270
271 272
271 273
271 282
271 286
271 288
271 293
272 263
272 268
272 269
272 270
272 271
272 273
272 278
272 282
272 283
272 293
272 299
273 237
273 268
273 269
273 270
273 271
273 272
273 286
273 288
273 293
273 294
274 262
274 275
274 276
274 277
274 278
274 279
274 284
274 285
274 345
274 353
275 258
275 259
275 261
275 274
275 276
275 332
275 343
275 345
275 346
276 245
276 258
276 259
276 261
276 274
276 275
276 277
276 332
276 345
276 346
277 262
277 265
277 266
277 274
277 276
277 278
277 285
278 262
278 270
278 272
278 274
278 277
278 279
278 282
278 283
278 284
278 285
279 274
279 278
279 280
279 281
279 282
279 283
279 284
279 285
279 347
279 349
279 350
279 351
279 353
280 270
280 279
280 281
280 282
280 283
280 284
280 285
280 299
280 301
280 348
280 349
280 410
280 412
281 279
281 280
281 283
281 284
281 285
281 299
281 348
281 349
281 350
281 352
281 353
281 410
281 412
281 413
282 270
282 271
282 272
282 278
282 279
282 280
282 283
282 284
282 285
282 293
282 299
283 270
283 272
283 278
283 279
283 280
283 281
283 282
283 284
283 285
283 293
283 299
283 410
284 270
284 274
284 278
284 279
284 280
284 281
284 282
284 283
284 285
284 349
284 353
285 274
285 277
285 278
285 279
285 280
285 281
285 282
285 283
285 284
285 347
285 349
285 350
285 353
286 237
286 268
286 269
286 271
286 273
286 288
286 289
286 291
286 292
286 294
286 297
286 298
287 288
287 289
287 295
287 297
287 298
287 313
288 237
288 268
288 269
288 271
288 273
288 286
288 287
288 289
288 291
288 294
289 286
289 287
289 288
289 292
289 297
290 291
290 292
290 293
290 294
290 299
290 301
290 310
291 286
291 288
291 290
291 292
291 293
291 294
291 296
291 297
291 298
292 286
292 289
292 290
292 291
292 294
292 295
292 296
292 297
292 298
293 269
293 270
293 271
293 272
293 273
293 282
293 283
293 290
293 291
293 294
293 299
294 268
294 273
294 286
294 288
294 290
294 291
294 292
294 293
294 297
294 298
295 287
295 292
295 296
295 297
295 298
295 305
295 306
295 311
295 313
295 315
296 291
296 292
296 295
296 297
296 298
296 305
296 306
296 307
296 309
296 310
296 311
296 312
297 286
297 287
297 289
297 291
297 292
297 294
297 295
297 296
297 298
297 306
298 286
298 287
298 291
298 292
298 294
298 295
298 296
298 297
298 306
298 309
298 311
299 270
299 272
299 280
299 281
299 282
299 283
299 290
299 293
299 300
299 301
300 299
300 301
300 302
300 306
300 307
300 308
300 309
300 310
300 412
300 414
301 280
301 290
301 299
301 300
301 309
301 310
301 412
301 414
302 300
302 303
302 304
302 305
302 306
302 307
302 308
302 309
302 310
302 311
302 312
302 416
302 417
302 418
302 438
303 302
303 304
303 305
303 306
303 307
303 308
303 309
303 311
303 312
303 315
303 316
303 318
303 319
303 417
303 438
304 302
304 303
304 305
304 306
304 307
304 308
304 309
304 310
304 311
304 312
304 316
304 416
304 417
304 418
304 438
305 295
305 296
305 302
305 303
305 304
305 306
305 307
305 309
305 311
305 312
305 315
305 319
306 295
306 296
306 297
306 298
306 300
306 302
306 303
306 304
306 305
306 307
306 309
306 310
306 311
306 312
307 296
307 300
307 302
307 303
307 304
307 305
307 306
307 308
307 309
307 310
307 311
307 312
307 315
307 417
307 418
308 300
308 302
308 303
308 304
308 307
308 309
308 310
308 312
308 414
308 415
308 416
308 417
308 418
308 438
309 296
309 298
309 300
309 301
309 302
309 303
309 304
309 305
309 306
309 307
309 308
309 310
309 311
309 312
310 290
310 296
310 300
310 301
310 302
310 304
310 306
310 307
310 308
310 309
310 311
310 312
311 295
311 296
311 298
311 302
311 303
311 304
311 305
311 306
311 307
311 309
311 310
311 312
311 315
312 296
312 302
312 303
312 304
312 305
312 306
312 307
312 308
312 309
312 310
312 311
312 315
312 319
312 417
313 287
313 295
313 320
313 322
313 442
314 315
314 316
314 317
314 318
314 319
314 320
314 321
314 322
314 435
315 295
315 303
315 305
315 307
315 311
315 312
315 314
315 319
315 320
316 303
316 304
316 314
316 317
316 318
316 322
316 417
316 435
316 437
316 438
317 314
317 316
317 318
317 321
317 322
317 434
317 435
317 437
317 442
317 443
318 303
318 314
318 316
318 317
318 319
318 321
318 322
318 435
318 437
318 438
318 442
318 443
319 303
319 305
319 312
319 314
319 315
319 318
319 320
319 321
320 313
320 314
320 315
320 319
320 321
320 322
320 442
321 314
321 317
321 318
321 319
321 320
321 322
321 442
322 313
322 314
322 316
322 317
322 318
322 320
322 321
322 435
322 442
322 443
323 252
323 253
323 255
323 256
323 259
323 260
323 324
323 325
323 326
323 328
323 329
323 330
324 59
324 144
324 147
324 251
324 253
324 255
324 323
324 325
324 326
324 327
324 328
325 144
325 145
325 323
325 324
325 326
325 327
325 328
325 329
325 330
325 333
325 334
325 335
325 339
326 255
326 256
326 259
326 260
326 323
326 324
326 325
326 328
326 329
326 330
326 333
327 143
327 144
327 145
327 147
327 154
327 155
327 158
327 253
327 324
327 325
327 328
327 335
328 253
328 255
328 256
328 260
328 323
328 324
328 325
328 326
328 327
328 329
328 330
328 333
329 255
329 259
329 260
329 323
329 325
329 326
329 328
329 330
329 331
329 332
329 333
329 339
330 323
330 325
330 326
330 328
330 329
330 331
330 332
330 333
330 335
330 337
330 339
330 342
331 329
331 330
331 332
331 333
331 337
331 338
331 343
331 345
331 346
331 354
332 258
332 259
332 261
332 275
332 276
332 329
332 330
332 331
332 345
332 346
333 325
333 326
333 328
333 329
333 330
333 331
333 335
333 337
333 338
333 339
333 341
333 342
334 145
334 154
334 155
334 156
334 159
334 325
334 335
334 336
334 339
334 365
334 368
335 145
335 155
335 325
335 327
335 330
335 333
335 334
335 339
335 341
335 342
336 152
336 154
336 155
336 156
336 157
336 159
336 160
336 200
336 334
336 365
336 368
337 330
337 331
337 333
337 338
337 339
337 341
337 342
337 354
338 331
338 333
338 337
338 341
338 342
338 354
338 355
338 356
338 357
339 325
339 329
339 330
339 333
339 334
339 335
339 337
339 340
339 341
339 342
340 339
340 341
340 342
340 364
340 365
340 366
340 368
340 372
341 333
341 335
341 337
341 338
341 339
341 340
341 342
341 365
341 366
341 372
342 330
342 333
342 335
342 337
342 338
342 339
342 340
342 341
342 372
343 275
343 331
343 344
343 345
343 346
343 347
343 350
343 351
343 353
343 356
343 357
344 343
344 347
344 350
344 351
344 354
344 355
344 356
344 357
344 358
344 361
345 274
345 275
345 276
345 331
345 332
345 343
345 346
345 347
345 353
346 259
346 261
346 275
346 276
346 331
346 332
346 343
346 345
347 279
347 285
347 343
347 344
347 345
347 349
347 350
347 351
347 352
347 353
347 357
348 280
348 281
348 349
348 350
348 351
348 352
348 353
348 362
348 410
348 412
348 413
349 279
349 280
349 281
349 284
349 285
349 347
349 348
349 350
349 351
349 352
349 353
349 410
350 279
350 281
350 285
350 343
350 344
350 347
350 348
350 349
350 351
350 352
350 353
350 358
350 361
350 410
351 279
351 343
351 344
351 347
351 348
351 349
351 350
351 352
351 353
351 357
351 358
351 361
352 281
352 347
352 348
352 349
352 350
352 351
352 353
352 361
352 362
352 410
352 413
353 274
353 279
353 281
353 284
353 285
353 343
353 345
353 347
353 348
353 349
353 350
353 351
353 352
354 331
354 337
354 338
354 344
354 355
354 356
354 357
355 338
355 344
355 354
355 356
355 357
355 358
355 360
355 382
355 385
355 386
356 338
356 343
356 344
356 354
356 355
356 357
356 358
356 360
356 361
357 338
357 343
357 344
357 347
357 351
357 354
357 355
357 356
357 358
357 361
358 344
358 350
358 351
358 355
358 356
358 357
358 360
358 361
359 360
359 363
359 389
359 390
359 395
359 424
359 427
359 454
359 456
360 355
360 356
360 358
360 359
360 361
360 363
360 385
360 386
360 389
361 344
361 350
361 351
361 352
361 356
361 357
361 358
361 360
361 362
362 348
362 352
362 361
362 413
362 424
362 425
362 427
363 359
363 360
363 385
363 389
363 390
363 395
363 427
363 456
364 340
364 365
364 366
364 367
364 368
364 369
364 370
364 372
364 375
364 376
365 334
365 336
365 340
365 341
365 364
365 366
365 368
365 372
366 340
366 341
366 364
366 365
366 368
366 369
366 372
367 159
367 201
367 203
367 217
367 220
367 221
367 364
367 368
367 374
367 375
367 376
368 159
368 334
368 336
368 340
368 364
368 365
368 366
368 367
368 372
369 364
369 366
369 370
369 373
369 376
369 379
370 364
370 369
370 373
370 375
370 376
370 378
370 379
370 381
371 372
371 373
371 382
371 383
371 384
371 387
372 340
372 341
372 342
372 364
372 365
372 366
372 368
372 371
373 369
373 370
373 371
373 379
373 381
373 387
374 216
374 217
374 220
374 221
374 367
374 375
374 376
374 377
375 201
375 216
375 217
375 221
375 364
375 367
375 370
375 374
375 376
376 364
376 367
376 369
376 370
376 374
376 375
377 216
377 217
377 374
377 598
377 599
377 694
378 370
378 379
378 380
378 381
378 398
378 695
378 698
378 699
378 700
378 701
379 369
379 370
379 373
379 378
379 381
379 387
379 388
379 396
379 398
379 401
380 378
380 381
380 398
380 695
380 698
380 699
380 700
380 701
380 702
380 703
381 370
381 373
381 378
381 379
381 380
381 398
381 698
381 700
381 701
382 355
382 371
382 383
382 384
382 385
382 386
382 387
382 388
382 389
383 371
383 382
383 384
383 385
383 386
383 387
383 388
383 389
383 394
383 397
383 399
384 371
384 382
384 383
384 385
384 386
384 387
384 388
384 394
384 396
384 397
384 399
385 355
385 360
385 363
385 382
385 383
385 384
385 386
385 389
386 355
386 360
386 382
386 383
386 384
386 385
386 389
386 394
387 371
387 373
387 379
387 382
387 383
387 384
387 388
387 399
388 379
388 382
388 383
388 384
388 387
388 394
388 396
388 397
388 399
388 400
388 401
389 359
389 360
389 363
389 382
389 383
389 385
389 386
389 394
390 359
390 363
390 391
390 392
390 393
390 395
390 454
390 455
390 456
391 390
391 392
391 393
391 395
391 402
391 404
391 405
391 407
391 408
391 454
391 455
391 467
391 471
392 390
392 391
392 393
392 394
392 395
392 400
392 402
392 404
392 407
392 408
392 454
392 455
393 390
393 391
393 392
393 394
393 395
393 397
393 400
393 402
393 404
393 405
393 407
393 408
394 383
394 384
394 386
394 388
394 389
394 392
394 393
394 395
394 397
394 399
394 400
394 402
394 404
394 408
395 359
395 363
395 390
395 391
395 392
395 393
395 394
395 402
395 404
395 407
395 408
395 454
395 455
396 379
396 384
396 388
396 397
396 398
396 399
396 400
396 401
396 714
397 383
397 384
397 388
397 393
397 394
397 396
397 399
397 400
397 401
397 402
397 408
398 378
398 379
398 380
398 381
398 396
398 399
398 401
398 698
398 714
399 383
399 384
399 387
399 388
399 394
399 396
399 397
399 398
399 400
399 401
399 408
400 388
400 392
400 393
400 394
400 396
400 397
400 399
400 401
400 402
400 404
400 406
400 408
401 379
401 388
401 396
401 397
401 398
401 399
401 400
401 698
401 714
402 391
402 392
402 393
402 394
402 395
402 397
402 400
402 403
402 404
402 405
402 406
402 407
402 408
402 409
402 471
403 402
403 404
403 405
403 406
403 409
403 471
403 716
403 717
403 719
403 720
403 721
403 723
403 724
403 726
403 728
403 729
404 391
404 392
404 393
404 394
404 395
404 400
404 402
404 403
404 405
404 406
404 407
404 408
404 409
404 467
404 470
404 471
404 726
405 391
405 393
405 402
405 403
405 404
405 406
405 407
405 408
405 409
405 467
405 470
405 471
405 723
405 724
405 726
406 400
406 402
406 403
406 404
406 405
406 407
406 408
406 409
406 470
406 471
406 723
406 724
406 726
406 728
407 391
407 392
407 393
407 395
407 402
407 404
407 405
407 406
407 408
407 409
407 455
407 467
407 470
407 471
408 391
408 392
408 393
408 394
408 395
408 397
408 399
408 400
408 402
408 404
408 405
408 406
408 407
409 402
409 403
409 404
409 405
409 406
409 407
409 470
409 471
409 720
409 721
409 723
409 724
409 726
409 728
410 280
410 281
410 283
410 348
410 349
410 350
410 352
410 411
410 412
410 413
410 414
411 410
411 412
411 413
411 414
411 415
411 416
411 421
411 426
412 280
412 281
412 300
412 301
412 348
412 410
412 411
412 413
412 414
413 281
413 348
413 352
413 362
413 410
413 411
413 412
413 414
414 300
414 301
414 308
414 410
414 411
414 412
414 413
414 415
414 416
414 418
414 421
415 308
415 411
415 414
415 416
415 417
415 418
415 419
415 420
415 421
415 422
415 423
415 428
415 429
415 438
416 302
416 304
416 308
416 411
416 414
416 415
416 417
416 418
416 421
416 422
416 438
417 302
417 303
417 304
417 307
417 308
417 312
417 316
417 415
417 416
417 418
417 438
418 302
418 304
418 307
418 308
418 414
418 415
418 416
418 417
418 421
418 422
418 438
419 415
419 420
419 421
419 422
419 423
419 428
419 429
419 430
419 436
419 445
419 450
420 415
420 419
420 421
420 422
420 423
420 428
420 429
420 430
420 432
420 450
421 411
421 414
421 415
421 416
421 418
421 419
421 420
421 422
421 423
421 426
421 429
421 430
421 431
422 415
422 416
422 418
422 419
422 420
422 421
422 423
422 426
422 428
422 429
422 430
422 431
423 415
423 419
423 420
423 421
423 422
423 428
423 429
423 436
423 437
423 438
423 445
423 450
424 359
424 362
424 425
424 426
424 427
424 456
425 362
425 424
425 426
425 427
425 431
425 456
426 411
426 421
426 422
426 424
426 425
426 429
426 430
426 431
427 359
427 362
427 363
427 424
427 425
427 456
428 415
428 419
428 420
428 422
428 423
428 429
428 430
428 432
428 436
428 445
428 446
428 447
428 450
428 451
429 415
429 419
429 420
429 421
429 422
429 423
429 426
429 428
429 430
429 431
429 432
429 433
430 419
430 420
430 421
430 422
430 426
430 428
430 429
430 431
430 432
430 433
430 451
430 459
430 462
430 463
430 466
431 421
431 422
431 425
431 426
431 429
431 430
431 432
431 433
431 459
431 463
431 466
432 420
432 428
432 429
432 430
432 431
432 433
432 451
432 458
432 459
432 462
432 463
432 466
432 488
433 429
433 430
433 431
433 432
433 451
433 458
433 459
433 460
433 462
433 463
433 464
433 466
433 488
434 317
434 435
434 436
434 437
434 439
434 441
434 442
434 443
434 445
434 446
434 449
434 450
435 314
435 316
435 317
435 318
435 322
435 434
435 436
435 437
435 438
435 441
435 442
435 443
436 419
436 423
436 428
436 434
436 435
436 437
436 439
436 441
436 443
436 445
436 446
436 447
436 449
436 450
436 452
437 316
437 317
437 318
437 423
437 434
437 435
437 436
437 438
437 443
438 302
438 303
438 304
438 308
438 316
438 318
438 415
438 416
438 417
438 418
438 423
438 435
438 437
439 434
439 436
439 441
439 443
439 444
439 445
439 446
439 447
439 449
439 450
439 452
440 441
440 442
440 444
440 448
440 449
440 452
440 479
440 480
440 483
440 487
440 489
440 498
440 831
440 833
440 835
440 843
441 434
441 435
441 436
441 439
441 440
441 442
441 443
441 445
441 446
441 449
441 450
441 452
442 313
442 317
442 318
442 320
442 321
442 322
442 434
442 435
442 440
442 441
442 443
443 317
443 318
443 322
443 434
443 435
443 436
443 437
443 439
443 441
443 442
444 439
444 440
444 445
444 446
444 447
444 448
444 449
444 450
444 451
444 452
444 480
444 483
444 484
444 486
444 488
444 489
445 419
445 423
445 428
445 434
445 436
445 439
445 441
445 444
445 446
445 447
445 448
445 449
445 450
445 452
446 428
446 434
446 436
446 439
446 441
446 444
446 445
446 447
446 448
446 449
446 450
446 451
446 452
446 484
447 428
447 436
447 439
447 444
447 445
447 446
447 448
447 449
447 450
447 451
447 452
447 483
447 484
447 486
447 488
448 440
448 444
448 445
448 446
448 447
448 449
448 451
448 452
448 480
448 483
448 484
448 486
448 487
448 488
448 489
449 434
449 436
449 439
449 440
449 441
449 444
449 445
449 446
449 447
449 448
449 450
449 452
450 419
450 420
450 423
450 428
450 434
450 436
450 439
450 441
450 444
450 445
450 446
450 447
450 449
450 451
450 452
451 428
451 430
451 432
451 433
451 444
451 446
451 447
451 448
451 450
451 458
451 459
451 461
451 462
451 463
451 464
451 482
451 483
451 484
451 486
451 488
452 436
452 439
452 440
452 441
452 444
452 445
452 446
452 447
452 448
452 449
452 450
452 483
453 454
453 455
453 457
453 460
453 466
453 468
453 469
454 359
454 390
454 391
454 392
454 395
454 453
454 455
454 456
454 467
454 469
455 390
455 391
455 392
455 395
455 407
455 453
455 454
455 457
455 467
455 468
455 469
455 471
456 359
456 363
456 390
456 424
456 425
456 427
456 454
457 453
457 455
457 459
457 460
457 465
457 466
457 467
457 468
457 469
457 472
457 475
457 476
458 432
458 433
458 451
458 459
458 460
458 461
458 462
458 463
458 464
458 465
458 466
458 481
458 482
458 484
458 486
458 488
459 430
459 431
459 432
459 433
459 451
459 457
459 458
459 460
459 461
459 462
459 463
459 464
459 465
459 466
459 482
459 486
459 488
460 433
460 453
460 457
460 458
460 459
460 461
460 462
460 463
460 464
460 465
460 466
460 468
460 469
461 451
461 458
461 459
461 460
461 462
461 463
461 464
461 465
461 481
461 482
461 484
461 485
461 486
461 487
461 488
461 495
462 430
462 432
462 433
462 451
462 458
462 459
462 460
462 461
462 463
462 464
462 481
462 482
462 483
462 484
462 486
462 488
463 430
463 431
463 432
463 433
463 451
463 458
463 459
463 460
463 461
463 462
463 464
463 466
463 482
463 484
463 486
463 488
464 433
464 451
464 458
464 459
464 460
464 461
464 462
464 463
464 465
464 481
464 482
464 484
464 485
464 486
464 488
464 495
465 457
465 458
465 459
465 460
465 461
465 464
465 468
465 473
465 474
465 475
465 476
465 481
465 482
465 485
465 490
465 491
465 495
466 430
466 431
466 432
466 433
466 453
466 457
466 458
466 459
466 460
466 463
467 391
467 404
467 405
467 407
467 454
467 455
467 457
467 468
467 469
467 470
467 471
467 472
467 476
468 453
468 455
468 457
468 460
468 465
468 467
468 469
468 472
468 475
468 476
468 477
469 453
469 454
469 455
469 457
469 460
469 467
469 468
469 472
469 475
469 476
469 477
470 404
470 405
470 406
470 407
470 409
470 467
470 471
470 472
470 723
470 726
470 807
470 808
471 391
471 402
471 403
471 404
471 405
471 406
471 407
471 409
471 455
471 467
471 470
471 723
471 726
472 457
472 467
472 468
472 469
472 470
472 475
472 476
472 477
472 807
472 808
472 814
473 465
473 474
473 475
473 478
473 485
473 490
473 491
473 494
473 495
473 496
473 497
473 810
473 811
473 828
473 830
474 465
474 473
474 475
474 476
474 477
474 478
474 490
474 491
474 494
474 495
474 809
474 810
474 811
474 814
474 828
475 457
475 465
475 468
475 469
475 472
475 473
475 474
475 476
475 477
475 478
475 491
475 495
475 811
475 814
476 457
476 465
476 467
476 468
476 469
476 472
476 474
476 475
476 477
476 808
476 814
477 468
477 469
477 472
477 474
477 475
477 476
477 807
477 808
477 811
477 814
478 473
478 474
478 475
478 490
478 491
478 494
478 495
478 496
478 809
478 810
478 811
478 814
478 828
478 829
478 830
479 440
479 480
479 481
479 485
479 487
479 489
479 490
479 491
479 493
479 495
479 496
479 497
479 498
480 440
480 444
480 448
480 479
480 481
480 482
480 483
480 484
480 485
480 486
480 487
480 488
480 489
481 458
481 461
481 462
481 464
481 465
481 479
481 480
481 482
481 483
481 484
481 485
481 486
481 487
481 488
481 489
481 490
481 491
481 493
481 495
481 497
481 498
482 451
482 458
482 459
482 461
482 462
482 463
482 464
482 465
482 480
482 481
482 483
482 484
482 485
482 486
482 487
482 488
482 495
483 440
483 444
483 447
483 448
483 451
483 452
483 462
483 480
483 481
483 482
483 484
483 486
483 487
483 488
483 489
484 444
484 446
484 447
484 448
484 451
484 458
484 461
484 462
484 463
484 464
484 480
484 481
484 482
484 483
484 486
484 487
484 488
484 489
485 461
485 464
485 465
485 473
485 479
485 480
485 481
485 482
485 486
485 487
485 490
485 491
485 493
485 495
485 496
485 497
485 498
486 444
486 447
486 448
486 451
486 458
486 459
486 461
486 462
486 463
486 464
486 480
486 481
486 482
486 483
486 484
486 485
486 487
486 488
486 489
487 440
487 448
487 461
487 479
487 480
487 481
487 482
487 483
487 484
487 485
487 486
487 488
487 489
487 493
487 497
487 498
488 432
488 433
488 444
488 447
488 448
488 451
488 458
488 459
488 461
488 462
488 463
488 464
488 480
488 481
488 482
488 483
488 484
488 486
488 487
489 440
489 444
489 448
489 479
489 480
489 481
489 483
489 484
489 486
489 487
489 493
489 498
490 465
490 473
490 474
490 478
490 479
490 481
490 485
490 491
490 492
490 493
490 494
490 495
490 496
490 497
490 498
490 828
491 465
491 473
491 474
491 475
491 478
491 479
491 481
491 485
491 490
491 492
491 493
491 494
491 495
491 496
491 497
491 810
491 828
492 490
492 491
492 493
492 494
492 496
492 497
492 498
492 826
492 828
492 830
492 832
492 834
492 836
493 479
493 481
493 485
493 487
493 489
493 490
493 491
493 492
493 496
493 497
493 498
494 473
494 474
494 478
494 490
494 491
494 492
494 495
494 496
494 497
494 810
494 811
494 826
494 828
494 829
494 830
495 461
495 464
495 465
495 473
495 474
495 475
495 478
495 479
495 481
495 482
495 485
495 490
495 491
495 494
495 496
495 497
496 473
496 478
496 479
496 485
496 490
496 491
496 492
496 493
496 494
496 495
496 497
496 498
496 826
496 828
496 830
496 832
496 834
497 473
497 479
497 481
497 485
497 487
497 490
497 491
497 492
497 493
497 494
497 495
497 496
497 498
497 826
498 440
498 479
498 481
498 485
498 487
498 489
498 490
498 492
498 493
498 496
498 497
499 89
499 93
499 95
499 502
499 503
500 95
500 501
500 502
500 503
500 504
500 506
500 509
500 510
500 511
500 513
500 529
501 500
501 502
501 503
501 504
501 506
501 508
501 509
501 510
501 511
501 529
502 95
502 499
502 500
502 501
502 503
502 504
502 506
502 511
502 513
503 91
503 93
503 95
503 499
503 500
503 501
503 502
503 504
503 511
503 512
503 513
504 95
504 500
504 501
504 502
504 503
504 506
504 511
504 512
504 513
504 515
504 516
504 529
505 506
505 507
505 508
505 509
505 510
505 524
505 525
505 527
505 528
505 529
505 537
505 543
506 500
506 501
506 502
506 504
506 505
506 508
506 509
506 510
506 511
506 514
506 516
506 523
506 524
506 529
507 505
507 508
507 509
507 510
507 524
507 525
507 527
507 528
507 529
507 536
507 537
507 543
508 501
508 505
508 506
508 507
508 509
508 510
508 524
508 525
508 527
508 528
508 529
508 537
509 500
509 501
509 505
509 506
509 507
509 508
509 510
509 523
509 524
509 528
509 529
509 537
510 500
510 501
510 505
510 506
510 507
510 508
510 509
510 511
510 514
510 516
510 523
510 524
510 525
510 528
510 529
511 500
511 501
511 502
511 503
511 504
511 506
511 510
511 512
511 513
511 514
511 515
511 516
511 529
512 91
512 104
512 106
512 503
512 504
512 511
512 513
512 515
513 104
513 500
513 502
513 503
513 504
513 511
513 512
513 514
513 515
513 516
514 506
514 510
514 511
514 513
514 515
514 516
514 522
514 523
514 524
514 529
514 531
515 104
515 504
515 511
515 512
515 513
515 514
515 516
515 518
516 504
516 506
516 510
516 511
516 513
516 514
516 515
516 523
516 524
516 529
516 531
517 518
517 519
517 520
517 521
517 522
517 531
518 107
518 108
518 177
518 515
518 517
518 519
518 520
518 522
519 107
519 177
519 180
519 517
519 518
519 520
519 522
519 562
519 565
519 567
520 107
520 108
520 177
520 517
520 518
520 519
520 567
521 517
521 522
521 532
521 533
521 562
521 564
521 567
521 580
521 581
522 514
522 517
522 518
522 519
522 521
522 530
522 531
522 533
523 506
523 509
523 510
523 514
523 516
523 524
523 525
523 526
523 527
523 528
523 529
523 530
523 531
523 534
524 505
524 506
524 507
524 508
524 509
524 510
524 514
524 516
524 523
524 525
524 526
524 527
524 528
524 529
524 531
525 505
525 507
525 508
525 510
525 523
525 524
525 526
525 527
525 528
525 529
525 530
525 534
525 542
526 523
526 524
526 525
526 527
526 528
526 530
526 531
526 534
526 542
527 505
527 507
527 508
527 523
527 524
527 525
527 526
527 528
527 537
527 542
527 543
527 545
528 505
528 507
528 508
528 509
528 510
528 523
528 524
528 525
528 526
528 527
528 537
528 542
528 543
529 500
529 501
529 504
529 505
529 506
529 507
529 508
529 509
529 510
529 511
529 514
529 516
529 523
529 524
529 525
530 522
530 523
530 525
530 526
530 531
530 532
530 533
530 534
531 514
531 516
531 517
531 522
531 523
531 524
531 526
531 530
531 533
531 534
532 521
532 530
532 533
532 534
532 579
532 581
532 616
533 521
533 522
533 530
533 531
533 532
533 534
533 581
534 523
534 525
534 526
534 530
534 531
534 532
534 533
534 542
534 547
535 536
535 537
535 538
535 541
535 543
536 507
536 535
536 537
536 538
536 543
536 550
537 505
537 507
537 508
537 509
537 527
537 528
537 535
537 536
537 543
538 535
538 536
538 539
538 541
538 550
539 538
539 540
539 541
539 550
539 656
540 539
540 541
540 550
540 552
540 656
541 535
541 538
541 539
541 540
541 655
541 656
542 525
542 526
542 527
542 528
542 534
542 543
542 544
542 545
542 546
542 547
543 505
543 507
543 527
543 528
543 535
543 536
543 537
543 542
544 542
544 545
544 546
544 547
544 555
544 558
544 559
545 527
545 542
545 544
545 546
545 547
545 555
545 558
546 542
546 544
546 545
546 550
546 551
546 555
546 558
546 560
547 534
547 542
547 544
547 545
547 548
547 549
547 555
547 558
547 559
548 547
548 549
548 555
548 559
548 611
548 612
548 614
548 616
548 625
548 628
549 547
549 548
549 555
549 556
549 557
549 558
549 559
549 611
549 612
549 614
549 625
549 628
549 630
550 536
550 538
550 539
550 540
550 546
550 551
550 552
551 546
551 550
551 552
551 554
551 555
551 557
551 558
551 560
552 540
552 550
552 551
552 554
552 558
552 560
553 554
553 556
553 557
553 559
553 560
553 623
553 625
553 626
553 660
553 663
553 664
553 666
554 551
554 552
554 553
554 555
554 557
554 558
554 559
554 560
554 660
554 664
555 544
555 545
555 546
555 547
555 548
555 549
555 551
555 554
555 556
555 557
555 558
555 559
555 560
555 625
555 628
556 549
556 553
556 555
556 557
556 559
556 612
556 623
556 625
556 626
556 628
556 629
556 630
556 663
557 549
557 551
557 553
557 554
557 555
557 556
557 558
557 559
557 560
557 625
557 626
557 628
558 544
558 545
558 546
558 547
558 549
558 551
558 552
558 554
558 555
558 557
558 559
558 560
559 544
559 547
559 548
559 549
559 553
559 554
559 555
559 556
559 557
559 558
559 560
559 612
559 614
559 625
559 626
559 628
560 546
560 551
560 552
560 553
560 554
560 555
560 557
560 558
560 559
560 664
561 562
561 563
561 564
561 565
561 566
561 568
561 570
561 572
561 576
561 577
561 580
561 582
561 583
561 584
561 587
561 588
562 177
562 180
562 519
562 521
562 561
562 563
562 564
562 565
562 566
562 567
563 561
563 562
563 564
563 565
563 566
563 567
563 568
563 570
563 572
563 577
563 580
563 582
563 583
563 584
564 521
564 561
564 562
564 563
564 565
564 566
564 567
564 568
564 572
564 580
564 582
564 583
564 584
565 177
565 178
565 180
565 181
565 519
565 561
565 562
565 563
565 564
565 566
565 567
566 177
566 180
566 181
566 186
566 561
566 562
566 563
566 564
566 565
566 567
566 568
566 570
566 572
566 577
566 580
567 177
567 178
567 180
567 519
567 520
567 521
567 562
567 563
567 564
567 565
567 566
568 186
568 561
568 563
568 564
568 566
568 569
568 570
568 571
568 572
568 573
568 574
568 575
568 576
568 577
568 582
568 584
568 587
568 588
568 595
569 183
569 185
569 186
569 188
569 209
569 212
569 568
569 570
569 571
569 572
569 573
569 574
569 575
569 576
569 577
569 590
569 595
570 185
570 186
570 561
570 563
570 566
570 568
570 569
570 571
570 572
570 573
570 574
570 575
570 576
570 577
570 584
570 585
570 587
570 588
570 595
571 185
571 186
571 209
571 568
571 569
571 570
571 572
571 573
571 574
571 575
571 576
571 577
571 587
571 590
571 592
571 595
572 561
572 563
572 564
572 566
572 568
572 569
572 570
572 571
572 574
572 576
572 577
572 580
572 582
572 584
572 587
572 588
573 185
573 209
573 212
573 568
573 569
573 570
573 571
573 574
573 575
573 576
573 577
573 590
573 591
573 592
573 594
573 595
574 185
574 186
574 188
574 209
574 568
574 569
574 570
574 571
574 572
574 573
574 575
574 576
574 577
574 587
574 590
574 595
575 183
575 185
575 186
575 188
575 209
575 212
575 568
575 569
575 570
575 571
575 573
575 574
575 576
575 577
575 590
575 592
575 595
576 561
576 568
576 569
576 570
576 571
576 572
576 573
576 574
576 575
576 577
576 584
576 585
576 586
576 587
576 588
576 589
576 594
576 595
577 181
577 185
577 186
577 188
577 561
577 563
577 566
577 568
577 569
577 570
577 571
577 572
577 573
577 574
577 575
577 576
577 584
577 587
577 595
578 579
578 580
578 581
578 582
578 583
578 584
578 615
578 616
578 620
579 532
579 578
579 580
579 581
579 582
579 583
579 615
579 616
580 521
580 561
580 563
580 564
580 566
580 572
580 578
580 579
580 581
580 582
580 583
580 584
580 588
581 521
581 532
581 533
581 578
581 579
581 580
581 583
581 616
582 561
582 563
582 564
582 568
582 572
582 578
582 579
582 580
582 583
582 584
582 586
582 587
582 588
583 561
583 563
583 564
583 578
583 579
583 580
583 581
583 582
583 584
583 588
583 616
584 561
584 563
584 564
584 568
584 570
584 572
584 576
584 577
584 578
584 580
584 582
584 583
584 585
584 586
584 587
584 588
584 589
585 570
585 576
585 584
585 586
585 587
585 588
585 589
585 595
585 600
585 602
585 603
585 606
586 576
586 582
586 584
586 585
586 587
586 588
586 589
586 606
586 617
586 618
586 620
587 561
587 568
587 570
587 571
587 572
587 574
587 576
587 577
587 582
587 584
587 585
587 586
587 588
587 589
587 595
588 561
588 568
588 570
588 572
588 576
588 580
588 582
588 583
588 584
588 585
588 586
588 587
588 589
588 618
589 576
589 584
589 585
589 586
589 587
589 588
589 600
589 602
589 603
589 605
589 606
589 617
589 618
589 620
590 183
590 185
590 205
590 209
590 212
590 569
590 571
590 573
590 574
590 575
590 591
590 592
590 595
591 205
591 573
591 590
591 592
591 593
591 594
591 595
591 596
591 600
591 604
592 185
592 205
592 206
592 209
592 211
592 212
592 215
592 219
592 571
592 573
592 575
592 590
592 591
592 593
592 594
592 595
592 596
592 597
593 591
593 592
593 594
593 595
593 596
593 600
593 602
593 604
593 607
594 573
594 576
594 591
594 592
594 593
594 595
594 596
594 600
594 602
594 604
595 185
595 209
595 568
595 569
595 570
595 571
595 573
595 574
595 575
595 576
595 577
595 585
595 587
595 590
595 591
595 592
595 593
595 594
595 596
595 600
596 205
596 211
596 215
596 591
596 592
596 593
596 594
596 595
596 597
596 600
596 604
596 607
597 205
597 211
597 215
597 219
597 592
597 596
597 598
597 599
598 215
598 216
598 219
598 377
598 597
598 599
599 216
599 217
599 219
599 377
599 597
599 598
599 694
600 585
600 589
600 591
600 593
600 594
600 595
600 596
600 601
600 602
600 603
600 604
601 600
601 602
601 603
601 604
601 605
601 606
601 608
601 609
601 635
601 638
602 585
602 589
602 593
602 594
602 600
602 601
602 603
602 604
602 605
602 606
602 608
603 585
603 589
603 600
603 601
603 602
603 604
603 605
603 606
603 608
603 617
603 635
604 591
604 593
604 594
604 596
604 600
604 601
604 602
604 603
604 605
604 608
604 609
605 589
605 601
605 602
605 603
605 604
605 606
605 617
605 618
605 619
605 635
605 636
606 585
606 586
606 589
606 601
606 602
606 603
606 605
606 617
606 618
606 619
606 620
606 635
607 593
607 596
607 609
607 705
607 706
608 601
608 602
608 603
608 604
608 609
608 638
608 643
609 601
609 604
609 607
609 608
609 705
609 706
610 611
610 612
610 613
610 614
610 615
610 616
610 620
610 621
610 622
610 630
611 548
611 549
611 610
611 612
611 613
611 614
611 615
611 616
611 622
611 624
611 625
611 628
611 630
612 548
612 549
612 556
612 559
612 610
612 611
612 613
612 614
612 623
612 624
612 625
612 626
612 628
612 630
613 610
613 611
613 612
613 614
613 615
613 621
613 622
613 624
613 628
613 630
613 633
614 548
614 549
614 559
614 610
614 611
614 612
614 613
614 615
614 616
614 625
614 628
614 630
615 578
615 579
615 610
615 611
615 613
615 614
615 616
615 618
615 620
615 621
615 622
616 532
616 548
616 578
616 579
616 581
616 583
616 610
616 611
616 614
616 615
617 586
617 589
617 603
617 605
617 606
617 618
617 619
617 620
617 621
617 622
617 635
617 637
618 586
618 588
618 589
618 605
618 606
618 615
618 617
618 619
618 620
618 621
618 622
618 635
619 605
619 606
619 617
619 618
619 620
619 621
619 622
619 634
619 635
619 637
620 578
620 586
620 589
620 606
620 610
620 615
620 617
620 618
620 619
620 621
620 622
621 610
621 613
621 615
621 617
621 618
621 619
621 620
621 622
621 632
621 634
621 635
621 637
622 610
622 611
622 613
622 615
622 617
622 618
622 619
622 620
622 621
622 632
622 633
622 634
623 553
623 556
623 612
623 624
623 625
623 626
623 627
623 628
623 629
623 630
623 633
623 663
623 666
624 611
624 612
624 613
624 623
624 625
624 626
624 627
624 628
624 629
624 630
624 631
624 632
624 633
625 548
625 549
625 553
625 555
625 556
625 557
625 559
625 611
625 612
625 614
625 623
625 624
625 626
625 628
625 629
625 630
626 553
626 556
626 557
626 559
626 612
626 623
626 624
626 625
626 627
626 628
626 629
626 630
626 660
626 663
626 666
626 667
627 623
627 624
627 626
627 629
627 630
627 631
627 633
627 666
627 671
628 548
628 549
628 555
628 556
628 557
628 559
628 611
628 612
628 613
628 614
628 623
628 624
628 625
628 626
628 630
629 556
629 623
629 624
629 625
629 626
629 627
629 630
629 633
629 666
629 667
629 671
630 549
630 556
630 610
630 611
630 612
630 613
630 614
630 623
630 624
630 625
630 626
630 627
630 628
630 629
630 633
631 624
631 627
631 632
631 633
631 634
631 645
632 621
632 622
632 624
632 631
632 633
632 634
632 645
633 613
633 622
633 623
633 624
633 627
633 629
633 630
633 631
633 632
633 634
634 619
634 621
634 622
634 631
634 632
634 633
634 637
634 645
635 601
635 603
635 605
635 606
635 617
635 618
635 619
635 621
635 636
635 637
636 605
636 635
636 637
636 639
636 642
636 645
636 647
636 650
637 617
637 619
637 621
637 634
637 635
637 636
637 645
637 647
638 601
638 608
638 639
638 640
638 641
638 642
638 643
638 743
639 636
639 638
639 640
639 641
639 642
639 643
639 648
639 650
639 651
639 653
640 638
640 639
640 641
640 642
640 643
640 644
640 648
640 650
640 651
640 653
640 744
641 638
641 639
641 640
641 642
641 643
641 648
641 650
641 653
641 743
641 744
641 757
642 636
642 638
642 639
642 640
642 641
642 643
642 647
642 648
642 650
642 651
643 608
643 638
643 639
643 640
643 641
643 642
643 648
643 650
643 653
644 640
644 646
644 647
644 650
644 651
644 654
644 673
645 631
645 632
645 634
645 636
645 637
645 646
645 647
646 644
646 645
646 647
646 650
646 651
646 654
646 673
647 636
647 637
647 642
647 644
647 645
647 646
647 650
648 639
648 640
648 641
648 642
648 643
648 650
648 651
648 652
648 653
648 654
648 744
648 757
649 651
649 652
649 654
649 676
649 677
649 756
650 636
650 639
650 640
650 641
650 642
650 643
650 644
650 646
650 647
650 648
650 651
650 653
650 654
651 639
651 640
651 642
651 644
651 646
651 648
651 649
651 650
651 652
651 653
651 654
652 648
652 649
652 651
652 653
652 654
652 676
652 755
652 756
652 757
652 758
652 759
653 639
653 640
653 641
653 643
653 648
653 650
653 651
653 652
653 744
653 756
653 757
654 644
654 646
654 648
654 649
654 650
654 651
654 652
654 673
654 677
655 541
655 656
655 657
655 658
656 539
656 540
656 541
656 655
656 657
657 655
657 656
657 658
657 659
658 655
658 657
658 659
658 661
659 657
659 658
659 661
659 662
660 553
660 554
660 626
660 661
660 662
660 663
660 664
660 666
660 667
660 668
661 658
661 659
661 660
661 662
661 664
662 659
662 660
662 661
662 663
662 664
662 665
662 668
663 553
663 556
663 623
663 626
663 660
663 662
663 664
663 666
663 667
663 668
664 553
664 554
664 560
664 660
664 661
664 662
664 663
664 668
665 662
665 667
665 668
665 670
665 672
666 553
666 623
666 626
666 627
666 629
666 660
666 663
666 667
666 668
666 669
666 670
667 626
667 629
667 660
667 663
667 665
667 666
667 668
667 669
667 670
668 660
668 662
668 663
668 664
668 665
668 666
668 667
668 669
668 670
669 666
669 667
669 668
669 670
669 671
669 672
670 665
670 666
670 667
670 668
670 669
670 672
671 627
671 629
671 669
671 672
671 673
671 678
671 684
672 665
672 669
672 670
672 671
673 644
673 646
673 654
673 671
673 674
673 678
673 680
673 682
674 673
674 675
674 677
674 680
674 682
675 674
675 676
675 677
675 681
675 682
675 877
675 884
676 649
676 652
676 675
676 677
676 756
676 877
677 649
677 654
677 674
677 675
677 676
678 671
678 673
678 680
678 683
678 684
678 685
679 680
679 681
679 682
679 683
679 685
679 686
679 687
679 884
679 923
680 673
680 674
680 678
680 679
680 681
680 682
680 683
680 685
680 687
681 675
681 679
681 680
681 682
681 683
681 685
681 687
681 884
682 673
682 674
682 675
682 679
682 680
682 681
682 683
682 884
683 678
683 679
683 680
683 681
683 682
683 685
683 686
683 687
684 671
684 678
684 685
684 689
685 678
685 679
685 680
685 681
685 683
685 684
685 686
685 687
685 688
686 679
686 683
686 685
686 687
686 688
686 691
686 923
687 679
687 680
687 681
687 683
687 685
687 686
687 688
687 923
688 685
688 686
688 687
688 689
688 690
688 691
689 684
689 688
689 690
689 691
689 929
689 930
690 688
690 689
690 691
690 922
690 928
690 929
690 930
691 686
691 688
691 689
691 690
691 930
692 693
692 695
692 696
692 697
692 703
692 709
692 710
693 692
693 694
693 695
693 697
693 701
693 703
693 710
694 377
694 599
694 693
694 695
694 701
695 378
695 380
695 692
695 693
695 694
695 699
695 700
695 701
696 692
696 697
696 699
696 700
696 702
696 703
696 707
696 708
696 709
696 713
696 715
696 730
696 732
696 736
697 692
697 693
697 696
697 699
697 700
697 702
697 703
697 707
697 708
697 709
697 710
698 378
698 380
698 381
698 398
698 401
698 699
698 700
698 702
698 703
698 714
698 715
698 716
699 378
699 380
699 695
699 696
699 697
699 698
699 700
699 701
699 702
699 703
699 708
699 715
700 378
700 380
700 381
700 695
700 696
700 697
700 698
700 699
700 701
700 702
700 703
701 378
701 380
701 381
701 693
701 694
701 695
701 699
701 700
702 380
702 696
702 697
702 698
702 699
702 700
702 703
702 708
702 714
702 715
702 716
703 380
703 692
703 693
703 696
703 697
703 698
703 699
703 700
703 702
703 707
703 708
703 709
703 715
704 705
704 706
704 709
704 710
704 711
704 743
704 745
704 746
704 750
704 751
705 607
705 609
705 704
705 706
705 743
706 607
706 609
706 704
706 705
706 710
707 696
707 697
707 703
707 708
707 709
707 710
707 711
707 712
707 713
707 715
707 730
707 731
707 732
707 733
707 735
707 736
707 772
708 696
708 697
708 699
708 702
708 703
708 707
708 709
708 713
708 715
708 730
708 732
708 733
708 735
708 736
709 692
709 696
709 697
709 703
709 704
709 707
709 708
709 710
709 711
709 712
709 713
709 730
709 750
710 692
710 693
710 697
710 704
710 706
710 707
710 709
710 711
710 745
710 750
711 704
711 707
711 709
711 710
711 713
711 745
711 746
711 750
711 751
712 707
712 709
712 713
712 730
712 731
712 732
712 735
712 736
712 750
712 751
712 768
712 769
712 770
712 771
712 772
712 775
712 778
712 779
713 696
713 707
713 708
713 709
713 711
713 712
713 715
713 730
713 731
713 732
713 733
713 735
713 736
713 770
713 772
714 396
714 398
714 401
714 698
714 702
714 715
714 716
714 717
715 696
715 698
715 699
715 702
715 703
715 707
715 708
715 713
715 714
715 716
715 717
715 718
715 730
715 733
715 736
715 737
716 403
716 698
716 702
716 714
716 715
716 717
716 718
716 721
716 724
716 729
717 403
717 714
717 715
717 716
717 718
717 719
717 721
717 724
717 728
717 729
718 715
718 716
718 717
718 719
718 721
718 729
718 733
718 737
719 403
719 717
719 718
719 720
719 721
719 722
719 723
719 724
719 725
719 726
719 727
719 728
719 729
719 740
719 741
719 742
720 403
720 409
720 719
720 721
720 722
720 723
720 724
720 725
720 726
720 727
720 728
720 729
720 740
720 741
720 805
720 819
721 403
721 409
721 716
721 717
721 718
721 719
721 720
721 722
721 723
721 724
721 725
721 726
721 727
721 728
721 729
721 741
722 719
722 720
722 721
722 723
722 724
722 725
722 727
722 728
722 729
722 740
722 741
722 742
722 805
722 819
722 820
723 403
723 405
723 406
723 409
723 470
723 471
723 719
723 720
723 721
723 722
723 724
723 725
723 726
723 727
723 728
723 729
723 805
724 403
724 405
724 406
724 409
724 716
724 717
724 719
724 720
724 721
724 722
724 723
724 725
724 726
724 727
724 728
724 729
725 719
725 720
725 721
725 722
725 723
725 724
725 726
725 727
725 728
725 729
725 740
725 741
725 803
725 804
725 805
725 819
725 820
726 403
726 404
726 405
726 406
726 409
726 470
726 471
726 719
726 720
726 721
726 723
726 724
726 725
726 727
726 728
726 729
727 719
727 720
727 721
727 722
727 723
727 724
727 725
727 726
727 728
727 729
727 740
727 741
727 742
727 805
728 403
728 406
728 409
728 717
728 719
728 720
728 721
728 722
728 723
728 724
728 725
728 726
728 727
728 729
728 740
728 741
728 805
729 403
729 716
729 717
729 718
729 719
729 720
729 721
729 722
729 723
729 724
729 725
729 726
729 727
729 728
729 740
729 741
730 696
730 707
730 708
730 709
730 712
730 713
730 715
730 731
730 732
730 733
730 735
730 736
730 737
730 770
730 772
731 707
731 712
731 713
731 730
731 732
731 733
731 734
731 735
731 736
731 737
731 738
731 768
731 769
731 770
731 771
731 772
731 775
731 781
732 696
732 707
732 708
732 712
732 713
732 730
732 731
732 733
732 734
732 735
732 736
732 737
732 769
732 770
732 771
732 772
732 775
733 707
733 708
733 713
733 715
733 718
733 730
733 731
733 732
733 734
733 735
733 736
733 737
733 769
734 731
734 732
734 733
734 735
734 736
734 737
734 738
734 739
734 741
734 742
734 769
734 771
734 775
734 781
734 788
735 707
735 708
735 712
735 713
735 730
735 731
735 732
735 733
735 734
735 736
735 737
735 768
735 769
735 770
735 771
735 772
735 775
736 696
736 707
736 708
736 712
736 713
736 715
736 730
736 731
736 732
736 733
736 734
736 735
736 737
736 769
736 770
736 772
737 715
737 718
737 730
737 731
737 732
737 733
737 734
737 735
737 736
737 738
737 739
737 741
737 742
737 769
738 731
738 734
738 737
738 739
738 741
738 742
738 769
738 771
738 776
738 781
738 785
738 787
738 788
739 734
739 737
739 738
739 740
739 741
739 742
739 769
739 781
739 787
739 788
740 719
740 720
740 722
740 725
740 727
740 728
740 729
740 739
740 741
740 742
740 805
740 819
740 820
741 719
741 720
741 721
741 722
741 725
741 727
741 728
741 729
741 734
741 737
741 738
741 739
741 740
741 742
741 820
742 719
742 722
742 727
742 734
742 737
742 738
742 739
742 740
742 741
742 788
742 820
743 638
743 641
743 704
743 705
743 744
743 745
743 746
744 640
744 641
744 648
744 653
744 743
744 747
744 756
744 757
744 759
745 704
745 710
745 711
745 743
745 746
745 747
745 750
745 751
746 704
746 711
746 743
746 745
746 747
746 748
746 750
746 751
747 744
747 745
747 746
747 748
747 754
747 757
747 759
748 746
748 747
748 749
748 750
748 751
748 752
748 753
748 754
748 761
748 764
748 766
748 767
749 748
749 751
749 752
749 753
749 754
749 761
749 763
749 764
749 766
749 773
749 777
749 778
749 779
749 794
750 704
750 709
750 710
750 711
750 712
750 745
750 746
750 748
750 751
750 752
750 772
751 704
751 711
751 712
751 745
751 746
751 748
751 749
751 750
751 752
751 753
751 754
751 772
752 748
752 749
752 750
752 751
752 753
752 754
752 764
752 766
752 777
752 778
753 748
753 749
753 751
753 752
753 754
753 761
753 763
753 764
753 766
753 767
753 777
754 747
754 748
754 749
754 751
754 752
754 753
754 759
754 761
754 763
754 764
754 766
754 767
755 652
755 756
755 758
755 759
755 765
755 767
755 877
755 878
755 880
756 649
756 652
756 653
756 676
756 744
756 755
756 757
756 758
756 759
756 878
757 641
757 648
757 652
757 653
757 744
757 747
757 756
757 759
758 652
758 755
758 756
758 759
758 767
758 877
758 878
758 879
758 880
759 652
759 744
759 747
759 754
759 755
759 756
759 757
759 758
759 764
759 767
760 761
760 762
760 763
760 765
760 766
760 767
760 880
760 881
760 883
760 894
760 897
761 748
761 749
761 753
761 754
761 760
761 762
761 763
761 764
761 765
761 766
761 767
761 880
761 883
761 894
762 760
762 761
762 763
762 764
762 765
762 766
762 767
762 792
762 794
762 883
762 894
762 897
763 749
763 753
763 754
763 760
763 761
763 762
763 764
763 765
763 766
763 767
763 794
763 883
763 894
764 748
764 749
764 752
764 753
764 754
764 759
764 761
764 762
764 763
764 765
764 766
764 767
765 755
765 760
765 761
765 762
765 763
765 764
765 766
765 767
765 878
765 880
765 881
765 883
765 894
766 748
766 749
766 752
766 753
766 754
766 760
766 761
766 762
766 763
766 764
766 765
766 767
766 794
767 748
767 753
767 754
767 755
767 758
767 759
767 760
767 761
767 762
767 763
767 764
767 765
767 766
767 878
767 880
768 712
768 731
768 735
768 769
768 770
768 771
768 772
768 773
768 774
768 775
768 776
768 777
768 778
768 779
768 781
768 782
768 791
769 712
769 731
769 732
769 733
769 734
769 735
769 736
769 737
769 738
769 739
769 768
769 770
769 771
769 772
769 774
769 775
769 776
769 778
769 779
769 781
769 787
769 788
770 712
770 713
770 730
770 731
770 732
770 735
770 736
770 768
770 769
770 771
770 772
770 773
770 775
770 776
770 777
770 778
770 779
771 712
771 731
771 732
771 734
771 735
771 738
771 768
771 769
771 770
771 772
771 773
771 774
771 775
771 776
771 777
771 778
771 779
771 781
771 782
771 787
771 788
772 707
772 712
772 713
772 730
772 731
772 732
772 735
772 736
772 750
772 751
772 768
772 769
772 770
772 771
772 775
772 777
772 778
772 779
773 749
773 768
773 770
773 771
773 774
773 775
773 776
773 777
773 778
773 779
773 782
773 791
773 792
773 794
773 795
774 768
774 769
774 771
774 773
774 775
774 776
774 777
774 778
774 779
774 780
774 781
774 782
774 784
774 786
774 787
774 788
774 789
774 791
774 795
774 796
774 801
775 712
775 731
775 732
775 734
775 735
775 768
775 769
775 770
775 771
775 772
775 773
775 774
775 776
775 777
775 778
775 779
775 781
775 788
775 791
776 738
776 768
776 769
776 770
776 771
776 773
776 774
776 775
776 777
776 778
776 779
776 780
776 781
776 782
776 786
776 787
776 788
776 789
776 791
776 795
777 749
777 752
777 753
777 768
777 770
777 771
777 772
777 773
777 774
777 775
777 776
777 778
777 779
777 791
777 794
778 712
778 749
778 752
778 768
778 769
778 770
778 771
778 772
778 773
778 774
778 775
778 776
778 777
778 779
778 791
778 794
779 712
779 749
779 768
779 769
779 770
779 771
779 772
779 773
779 774
779 775
779 776
779 777
779 778
779 782
779 791
779 794
780 774
780 776
780 782
780 783
780 784
780 785
780 786
780 787
780 788
780 789
780 790
780 795
780 796
780 800
780 801
780 844
780 846
781 731
781 734
781 738
781 739
781 768
781 769
781 771
781 774
781 775
781 776
781 782
781 784
781 785
781 787
781 788
781 789
782 768
782 771
782 773
782 774
782 776
782 779
782 780
782 781
782 784
782 785
782 786
782 787
782 788
782 789
782 790
782 791
782 795
782 796
782 801
783 780
783 784
783 785
783 786
783 787
783 788
783 789
783 790
783 844
783 845
783 846
783 847
783 849
783 850
784 774
784 780
784 781
784 782
784 783
784 785
784 786
784 787
784 788
784 789
784 790
784 795
784 796
784 800
784 801
784 844
784 846
784 849
785 738
785 780
785 781
785 782
785 783
785 784
785 786
785 787
785 788
785 789
785 790
785 844
785 845
785 846
785 849
786 774
786 776
786 780
786 782
786 783
786 784
786 785
786 787
786 788
786 789
786 790
786 791
786 795
786 796
786 798
786 799
786 800
786 801
786 844
787 738
787 739
787 769
787 771
787 774
787 776
787 780
787 781
787 782
787 783
787 784
787 785
787 786
787 788
787 789
787 790
787 801
787 846
788 734
788 738
788 739
788 742
788 769
788 771
788 774
788 775
788 776
788 780
788 781
788 782
788 783
788 784
788 785
788 786
788 787
788 789
789 774
789 776
789 780
789 781
789 782
789 783
789 784
789 785
789 786
789 787
789 788
789 790
789 795
789 796
789 801
789 844
789 846
790 780
790 782
790 783
790 784
790 785
790 786
790 787
790 789
790 844
790 845
790 846
790 849
790 850
791 768
791 773
791 774
791 775
791 776
791 777
791 778
791 779
791 782
791 786
791 792
791 794
791 795
791 796
791 801
792 762
792 773
792 791
792 793
792 794
792 795
792 796
792 801
792 894
792 896
793 792
793 794
793 795
793 796
793 798
793 801
793 894
793 895
793 896
793 899
793 900
793 904
793 906
793 910
794 749
794 762
794 763
794 766
794 773
794 777
794 778
794 779
794 791
794 792
794 793
794 795
794 796
795 773
795 774
795 776
795 780
795 782
795 784
795 786
795 789
795 791
795 792
795 793
795 794
795 796
795 798
795 800
795 801
795 896
796 774
796 780
796 782
796 784
796 786
796 789
796 791
796 792
796 793
796 794
796 795
796 797
796 798
796 799
796 800
796 801
796 896
796 904
797 796
797 798
797 799
797 800
797 801
797 856
797 859
797 896
797 902
797 904
797 905
797 906
797 908
797 910
798 786
798 793
798 795
798 796
798 797
798 799
798 800
798 801
798 856
798 859
798 896
798 902
798 904
798 905
798 906
798 910
799 786
799 796
799 797
799 798
799 800
799 801
799 856
799 857
799 859
799 860
799 902
799 904
799 905
799 906
799 910
800 780
800 784
800 786
800 795
800 796
800 797
800 798
800 799
800 801
800 856
800 859
800 860
800 904
800 905
800 910
801 774
801 780
801 782
801 784
801 786
801 787
801 789
801 791
801 792
801 793
801 795
801 796
801 797
801 798
801 799
801 800
801 896
801 904
802 803
802 804
802 805
802 806
802 807
802 808
802 812
802 816
802 817
802 819
802 820
802 824
803 725
803 802
803 804
803 805
803 806
803 807
803 808
803 812
803 814
803 816
803 819
804 725
804 802
804 803
804 805
804 806
804 807
804 808
804 812
804 816
804 817
804 819
805 720
805 722
805 723
805 725
805 727
805 728
805 740
805 802
805 803
805 804
805 806
805 807
805 816
805 817
805 819
805 820
806 802
806 803
806 804
806 805
806 807
806 812
806 816
806 817
806 819
806 820
806 823
806 824
807 470
807 472
807 477
807 802
807 803
807 804
807 805
807 806
807 808
807 812
807 814
808 470
808 472
808 476
808 477
808 802
808 803
808 804
808 807
808 812
808 814
809 474
809 478
809 810
809 811
809 812
809 813
809 814
809 828
809 829
809 830
810 473
810 474
810 478
810 491
810 494
810 809
810 811
810 813
810 814
810 825
810 828
810 829
810 830
811 473
811 474
811 475
811 477
811 478
811 494
811 809
811 810
811 812
811 813
811 814
811 828
811 830
812 802
812 803
812 804
812 806
812 807
812 808
812 809
812 811
812 813
812 814
812 816
813 809
813 810
813 811
813 812
813 814
813 822
814 472
814 474
814 475
814 476
814 477
814 478
814 803
814 807
814 808
814 809
814 810
814 811
814 812
814 813
815 816
815 817
815 818
815 823
815 824
815 845
815 847
815 848
815 854
815 855
816 802
816 803
816 804
816 805
816 806
816 812
816 815
816 817
816 819
816 820
816 823
816 824
817 802
817 804
817 805
817 806
817 815
817 816
817 818
817 819
817 820
817 823
817 824
817 847
817 848
818 815
818 817
818 820
818 823
818 824
818 845
818 847
818 848
818 849
818 854
818 855
819 720
819 722
819 725
819 740
819 802
819 803
819 804
819 805
819 806
819 816
819 817
819 820
819 824
820 722
820 725
820 740
820 741
820 742
820 802
820 805
820 806
820 816
820 817
820 818
820 819
820 845
821 822
821 837
821 840
821 853
821 863
821 865
821 866
821 867
822 813
822 821
822 827
822 840
822 865
823 806
823 815
823 816
823 817
823 818
823 824
823 847
823 848
823 853
823 854
824 802
824 806
824 815
824 816
824 817
824 818
824 819
824 823
824 854
825 810
825 826
825 827
825 828
825 829
825 830
825 832
825 836
825 838
825 839
826 492
826 494
826 496
826 497
826 825
826 828
826 829
826 830
826 832
826 834
826 836
827 822
827 825
827 829
827 830
827 838
827 839
827 840
828 473
828 474
828 478
828 490
828 491
828 492
828 494
828 496
828 809
828 810
828 811
828 825
828 826
828 829
828 830
828 832
829 478
829 494
829 809
829 810
829 825
829 826
829 827
829 828
829 830
829 832
829 836
829 839
830 473
830 478
830 492
830 494
830 496
830 809
830 810
830 811
830 825
830 826
830 827
830 828
830 829
830 832
831 440
831 833
831 834
831 835
831 836
831 839
831 842
831 843
832 492
832 496
832 825
832 826
832 828
832 829
832 830
832 833
832 834
832 836
833 440
833 831
833 832
833 834
833 835
833 836
834 492
834 496
834 826
834 831
834 832
834 833
834 836
835 440
835 831
835 833
835 836
835 838
835 839
835 842
835 843
836 492
836 825
836 826
836 829
836 831
836 832
836 833
836 834
836 835
837 821
837 838
837 840
837 841
837 863
837 864
837 865
837 866
837 867
837 873
838 825
838 827
838 835
838 837
838 839
838 840
838 841
838 842
839 825
839 827
839 829
839 831
839 835
839 838
839 841
840 821
840 822
840 827
840 837
840 838
840 865
841 837
841 838
841 839
841 842
841 863
841 870
842 831
842 835
842 838
842 841
842 843
842 870
843 440
843 831
843 835
843 842
843 870
844 780
844 783
844 784
844 785
844 786
844 789
844 790
844 845
844 846
844 849
844 850
844 858
844 859
844 860
845 783
845 785
845 790
845 815
845 818
845 820
845 844
845 846
845 847
845 848
845 849
846 780
846 783
846 784
846 785
846 787
846 789
846 790
846 844
846 845
846 847
846 848
846 849
846 850
847 783
847 815
847 817
847 818
847 823
847 845
847 846
847 848
847 849
847 850
847 854
847 855
848 815
848 817
848 818
848 823
848 845
848 846
848 847
848 849
848 850
848 852
848 853
848 854
848 855
849 783
849 784
849 785
849 790
849 818
849 844
849 845
849 846
849 847
849 848
849 850
849 854
849 855
849 858
850 783
850 790
850 844
850 846
850 847
850 848
850 849
850 852
850 855
850 858
850 860
850 861
851 852
851 853
851 855
851 861
851 862
851 868
851 869
852 848
852 850
852 851
852 853
852 854
852 855
852 858
852 861
853 821
853 823
853 848
853 851
853 852
853 854
853 855
853 867
854 815
854 818
854 823
854 824
854 847
854 848
854 849
854 852
854 853
854 855
855 815
855 818
855 847
855 848
855 849
855 850
855 851
855 852
855 853
855 854
855 858
856 797
856 798
856 799
856 800
856 857
856 859
856 860
856 902
856 905
856 946
857 799
857 856
857 859
857 860
857 869
857 874
857 875
857 902
857 946
857 948
858 844
858 849
858 850
858 852
858 855
858 860
858 861
858 862
859 797
859 798
859 799
859 800
859 844
859 856
859 857
859 860
860 799
860 800
860 844
860 850
860 856
860 857
860 858
860 859
860 861
861 850
861 851
861 852
861 858
861 860
861 862
862 851
862 858
862 861
862 869
863 821
863 837
863 841
863 864
863 865
863 866
863 867
863 868
863 873
864 837
864 863
864 865
864 866
864 867
864 868
864 869
864 871
864 873
864 875
865 821
865 822
865 837
865 840
865 863
865 864
865 866
865 867
865 868
866 821
866 837
866 863
866 864
866 865
866 867
866 868
866 871
866 873
867 821
867 837
867 853
867 863
867 864
867 865
867 866
867 868
867 869
868 851
868 863
868 864
868 865
868 866
868 867
868 869
869 851
869 857
869 862
869 864
869 867
869 868
869 946
869 948
870 841
870 842
870 843
870 871
870 872
870 873
870 876
871 864
871 866
871 870
871 872
871 873
871 875
872 870
872 871
872 873
872 875
872 876
873 837
873 863
873 864
873 866
873 870
873 871
873 872
874 857
874 875
874 946
874 948
874 960
874 962
875 857
875 864
875 871
875 872
875 874
875 946
875 948
876 870
876 872
876 959
876 960
876 961
876 962
877 675
877 676
877 755
877 758
877 878
877 879
877 880
878 755
878 756
878 758
878 765
878 767
878 877
878 879
878 880
878 881
879 758
879 877
879 878
879 880
879 881
879 882
879 891
880 755
880 758
880 760
880 761
880 765
880 767
880 877
880 878
880 879
880 881
881 760
881 765
881 878
881 879
881 880
881 882
881 883
881 891
882 879
882 881
882 888
882 890
882 891
882 892
883 760
883 761
883 762
883 763
883 765
883 881
883 892
883 894
883 895
883 897
883 899
883 901
884 675
884 679
884 681
884 682
884 885
885 884
885 886
885 887
885 891
886 885
886 887
886 890
886 891
886 925
886 927
887 885
887 886
887 921
887 923
887 925
887 927
888 882
888 889
888 890
888 891
888 892
888 901
888 911
888 914
889 888
889 890
889 911
889 925
889 926
889 927
889 935
889 938
889 939
890 882
890 886
890 888
890 889
890 891
890 892
890 911
890 927
891 879
891 881
891 882
891 885
891 886
891 888
891 890
892 882
892 883
892 888
892 890
892 893
892 897
892 901
892 911
892 912
892 914
893 892
893 895
893 897
893 898
893 899
893 900
893 901
893 903
893 911
893 912
893 913
893 914
893 915
894 760
894 761
894 762
894 763
894 765
894 792
894 793
894 883
894 895
894 897
894 899
894 900
894 901
895 793
895 883
895 893
895 894
895 896
895 897
895 898
895 899
895 900
895 901
895 903
895 904
895 906
895 910
896 792
896 793
896 795
896 796
896 797
896 798
896 801
896 895
896 898
896 899
896 900
896 904
896 905
896 906
896 910
897 760
897 762
897 883
897 892
897 893
897 894
897 895
897 899
897 900
897 901
898 893
898 895
898 896
898 899
898 900
898 903
898 906
898 908
898 910
898 912
898 913
898 914
898 915
899 793
899 883
899 893
899 894
899 895
899 896
899 897
899 898
899 900
899 901
899 903
899 906
899 910
899 913
899 914
900 793
900 893
900 894
900 895
900 896
900 897
900 898
900 899
900 901
900 903
900 904
900 906
900 910
900 913
900 914
901 883
901 888
901 892
901 893
901 894
901 895
901 897
901 899
901 900
901 911
901 912
901 914
902 797
902 798
902 799
902 856
902 857
902 903
902 904
902 905
902 906
902 907
902 908
902 909
902 910
902 946
902 947
903 893
903 895
903 898
903 899
903 900
903 902
903 904
903 905
903 906
903 907
903 908
903 909
903 910
903 913
903 915
903 916
903 920
904 793
904 796
904 797
904 798
904 799
904 800
904 801
904 895
904 896
904 900
904 902
904 903
904 905
904 906
904 908
904 910
905 797
905 798
905 799
905 800
905 856
905 896
905 902
905 903
905 904
905 906
905 908
905 909
905 910
906 793
906 797
906 798
906 799
906 895
906 896
906 898
906 899
906 900
906 902
906 903
906 904
906 905
906 908
906 909
906 910
907 902
907 903
907 908
907 909
907 916
907 920
907 946
907 947
907 951
907 952
907 954
908 797
908 898
908 902
908 903
908 904
908 905
908 906
908 907
908 909
908 910
908 913
908 916
908 920
908 947
909 902
909 903
909 905
909 906
909 907
909 908
909 913
909 916
909 920
909 947
909 951
910 793
910 797
910 798
910 799
910 800
910 895
910 896
910 898
910 899
910 900
910 902
910 903
910 904
910 905
910 906
910 908
911 888
911 889
911 890
911 892
911 893
911 901
911 912
911 913
911 914
911 915
911 935
911 936
911 938
911 939
912 892
912 893
912 898
912 901
912 911
912 913
912 914
912 915
912 918
912 936
912 938
912 939
913 893
913 898
913 899
913 900
913 903
913 908
913 909
913 911
913 912
913 914
913 915
913 916
913 918
913 919
914 888
914 892
914 893
914 898
914 899
914 900
914 901
914 911
914 912
914 913
914 915
915 893
915 898
915 903
915 911
915 912
915 913
915 914
915 916
915 918
915 919
915 936
915 939
915 940
916 903
916 907
916 908
916 909
916 913
916 915
916 917
916 918
916 919
916 920
916 947
916 949
916 951
916 954
917 916
917 918
917 919
917 920
917 940
917 941
917 942
917 944
917 951
917 954
917 964
918 912
918 913
918 915
918 916
918 917
918 919
918 934
918 936
918 937
918 939
918 940
919 913
919 915
919 916
919 917
919 918
919 920
919 936
919 940
919 942
919 951
919 954
920 903
920 907
920 908
920 909
920 916
920 917
920 919
920 947
920 949
920 951
920 952
920 954
921 887
921 922
921 923
921 925
921 929
921 930
922 690
922 921
922 923
922 929
922 930
923 679
923 686
923 687
923 887
923 921
923 922
924 925
924 926
924 932
924 933
924 934
924 940
924 941
924 942
924 943
924 944
924 945
925 886
925 887
925 889
925 921
925 924
925 926
925 927
926 889
926 924
926 925
926 927
926 935
926 938
927 886
927 887
927 889
927 890
927 925
927 926
928 690
928 929
928 930
928 931
928 932
929 689
929 690
929 921
929 922
929 928
929 930
929 931
930 689
930 690
930 691
930 921
930 922
930 928
930 929
931 928
931 929
931 932
931 933
932 924
932 928
932 931
932 933
933 924
933 931
933 932
933 934
933 940
933 941
933 942
933 943
933 944
933 945
934 918
934 924
934 933
934 935
934 936
934 937
934 939
934 940
934 945
935 889
935 911
935 926
935 934
935 936
935 937
935 938
935 939
936 911
936 912
936 915
936 918
936 919
936 934
936 935
936 937
936 938
936 939
936 940
937 918
937 934
937 935
937 936
937 938
937 939
937 940
937 945
938 889
938 911
938 912
938 926
938 935
938 936
938 937
938 939
939 889
939 911
939 912
939 915
939 918
939 934
939 935
939 936
939 937
939 938
939 940
940 915
940 917
940 918
940 919
940 924
940 933
940 934
940 936
940 937
940 939
940 941
940 942
940 944
940 945
941 917
941 924
941 933
941 940
941 942
941 943
941 944
941 945
941 964
942 917
942 919
942 924
942 933
942 940
942 941
942 943
942 944
942 954
942 964
943 924
943 933
943 941
943 942
943 944
943 945
943 964
943 967
944 917
944 924
944 933
944 940
944 941
944 942
944 943
944 963
944 964
944 967
945 924
945 933
945 934
945 937
945 940
945 941
945 943
946 856
946 857
946 869
946 874
946 875
946 902
946 907
946 947
946 948
946 952
947 902
947 907
947 908
947 909
947 916
947 920
947 946
947 949
947 951
947 952
947 953
947 954
948 857
948 869
948 874
948 875
948 946
948 956
948 958
949 916
949 920
949 947
949 950
949 951
949 952
949 953
949 954
949 964
949 965
950 949
950 951
950 952
950 953
950 955
950 957
950 958
950 965
951 907
951 909
951 916
951 917
951 919
951 920
951 947
951 949
951 950
951 952
951 953
951 954
951 964
952 907
952 920
952 946
952 947
952 949
952 950
952 951
952 953
952 954
953 947
953 949
953 950
953 951
953 952
953 954
953 955
953 957
953 958
954 907
954 916
954 917
954 919
954 920
954 942
954 947
954 949
954 951
954 952
954 953
954 964
955 950
955 953
955 956
955 957
955 958
955 961
955 965
956 948
956 955
956 958
956 959
956 961
956 962
957 950
957 953
957 955
957 958
957 961
957 965
957 966
958 948
958 950
958 953
958 955
958 956
958 957
959 876
959 956
959 960
959 961
959 962
960 874
960 876
960 959
960 961
960 962
961 876
961 955
961 956
961 957
961 959
961 960
961 966
962 874
962 876
962 956
962 959
962 960
963 944
963 964
963 965
963 966
963 967
964 917
964 941
964 942
964 943
964 944
964 949
964 951
964 954
964 963
964 965
965 949
965 950
965 955
965 957
965 963
965 964
965 966
966 957
966 961
966 963
966 965
966 967
967 943
967 944
967 963
967 966
